-3.60807530365
-2.22490995704
-3.60818352516
-4.97971366253
-2.8258900853
5.63714234589
3.82051268988
-2.42125579577
-3.62693154851
1.16490598405
2.88552427781
1.86310374097
-3.90837074849
-3.8776340201
0.9076504399
0.884085627166
3.95605161653
-4.82726880714
3.35803989432
4.32247154784
4.99657270421
-1.18878240366
2.87311454947
0.89870150796
0.816938337572
-6.45060194406
-2.23990387058
-1.61122619528
-5.47456415627
0.866004805093
-1.81910958038
-1.79600398764
4.7413978452
1.66147538304
-1.94327134099
-2.63446226621
-1.75747794553
-1.70727193855
2.3046158831
1.09404518576
1.75145795364
1.90911639962
3.34738049932
-0.785678696824
-5.61103383213
-3.28705364669
4.92609915687
-4.56389174879
2.947475714
-2.47580586416
-5.14767064087
-4.83427289206
-3.17421084325
-1.21356448845
-2.74637398737
-4.82369617876
-2.82678014237
-3.39044871883
-5.46247121104
-3.89899900549
-0.922536457942
-0.537617197934
1.16054557523
-0.53274120633
-7.27590343406
-1.71096475392
-3.11269877299
-0.957453869055
0.170399960815
7.39891307728
1.4371824047
0.0249304284313
2.1435313077
-4.68830826519
1.19225061158
4.65172965368
-1.05872530924
-2.05300299171
1.93662223646
-0.33230786626
-4.58549600628
0.5674423394
1.36788413632
1.76015430804
4.41944956889
-2.76948519059
2.37686009379
-1.72359836459
0.141027901899
-2.88685377451
3.45818993779
-3.61933461521
-1.78904251946
-4.13911687953
0.435792762095
-4.58287231438
2.42669513435
3.56784662396
0.263512183717
-1.08436940666
-2.38675386514
2.23515630793
0.0561940459582
-5.01509956142
1.9632042026
-2.36011611951
-3.16541814004
4.20671946777
3.91486129909
1.70288915705
1.32017354193
1.47880958429
-4.87236193733
5.86342910232
2.27200280453
0.426361730519
-1.02131112079
4.40848540311
0.413654427047
-3.00223911016
2.20721984593
-1.20666780439
-0.121248932546
0.705338993504
0.252104496493
4.07063562494
-0.172472438431
-5.08951163014
2.43708860091
-5.79929787222
1.04583414264
-5.71604562909
0.315493789341
1.73679810818
1.67702896438
4.1388388
-4.95259996996
-0.499516123075
2.60069660478
-0.222144988755
-0.644657649813
-4.31092403729
1.29950716722
-1.32472258305
2.55785253205
-1.34867574658
1.83631006341
-3.14291201407
-5.81639502055
4.2454137898
-5.81614367285
-3.21555460767
-3.26115251351
-3.10079782884
-4.09368804819
-3.81081887633
-1.9618828244
-2.77866055772
-6.81048270407
-4.44974952537
-2.23571013317
3.79340220573
3.78306443494
-3.74706971399
-1.83050481361
3.60148213904
-2.29214241411
2.83789735835
-5.35336229601
-2.92828070037
-0.365112416477
-2.71982856527
2.11158540157
-5.14712103413
1.35775280885
1.77669367215
-0.297806036675
1.82500953915
-3.2023401074
-2.839384173
-1.48526979747
4.28242704808
-4.68187273417
1.00203872598
0.223692876267
1.6839267613
-1.29450260115
-1.14745066178
-3.59145370473
1.69083649107
0.913160988226
1.79979154583
-0.570350276018
0.854686978664
-4.91086198002
3.11332723916
-2.61249158061
5.16044576357
-4.49313959702
-5.50166122498